75 0.00019625
8686 0.00018784
9678 0.00018599
5104 0.00018546
725 0.00018447
3257 0.00018341
468 0.00018260
7730 0.00018165
7175 0.00018155
5526 0.00018057
8880 0.00018031
6165 0.00017912
2524 0.00017753
7531 0.00017574
9705 0.00017507
6674 0.00017451
5479 0.00017412
8730 0.00017326
5486 0.00017246
579 0.00017246
4969 0.00017179
5602 0.00017158
5467 0.00017134
1741 0.00017102
4499 0.00017009
3334 0.00016997
4561 0.00016966
43 0.00016955
9083 0.00016946
989 0.00016866
5919 0.00016824
7157 0.00016712
5883 0.00016677
646 0.00016602
9884 0.00016592
2414 0.00016578
486 0.00016559
6364 0.00016522
2387 0.00016513
2932 0.00016511
2588 0.00016483
1963 0.00016455
6147 0.00016395
4304 0.00016393
5142 0.00016364
5823 0.00016356
2229 0.00016355
3094 0.00016340
5029 0.00016335
8294 0.00016317
260 0.00016298
3331 0.00016294
5390 0.00016292
9674 0.00016274
5786 0.00016238
1506 0.00016228
4049 0.00016186
1750 0.00016186
2213 0.00016180
1932 0.00016175
3794 0.00016172
3790 0.00016171
1879 0.00016154
9768 0.00016134
9325 0.00016115
209 0.00016111
9106 0.00016107
6248 0.00016067
3029 0.00016060
9134 0.00016026
1486 0.00016024
2549 0.00016010
4613 0.00016001
40 0.00015989
3190 0.00015977
511 0.00015975
3350 0.00015961
9067 0.00015944
2711 0.00015916
664 0.00015914
5191 0.00015898
2180 0.00015893
9677 0.00015892
407 0.00015888
9817 0.00015875
6403 0.00015865
2880 0.00015845
1289 0.00015841
4602 0.00015837
9464 0.00015821
3534 0.00015820
9272 0.00015784
2123 0.00015769
2191 0.00015752
7887 0.00015741
3610 0.00015741
604 0.00015708
8160 0.00015699
9645 0.00015695
5206 0.00015685
